-0.018
-0.03
0.025
-0.073
-0.007
0.052
-0.042
-0.025
-0.056
0.005
0.131
0.059
0.15
0.157
0.036
0.096
-0.027
-0.002
0.069
0.099
0.067
0.101
0.105
0.115
0.108
-0.036
-0.109
-0.133
-0.061
-0.045
-0.058
0.017
0.007
-0.093
0.077
0.085
0.1
-0.005
0.009
0.166
0.17
0.286
0.419
0.3
0.246
0.256
0.172
0.172
0.169
0.179
0.227
0.188
0.177
0.38
0.369
0.4
0.358
0.351
0.247
0.337
0.262
0.182
0.138
0.31
0.339
0.272
0.34
0.255
0.276
0.145
0.241
0.254
0.224
0.092
0.097
-0.017
0.066
0.096
-0.048
-0.018
-0.014
-0.036
-0.03
-0.055
0.072
0.037
0.038
0.092
0.173
0.19
0.265
0.171
0.199
0.275
0.382
0.253
0.182
0.091
0.01
0.06
-0.062
-0.268
-0.094
-0.102
-0.093
-0.047
-0.091
0.015
-0.085
-0.11
-0.023
-0.078
-0.125
-0.016
0.036
0.198
0.217
0.145
0.08
0.075
0.044
0.184
0.34
0.342
0.197
0.217
0.16
0.156
0.208
0.147
0.181
0.215
0.095
0.11
-0.032
-0.009
0.002
-0.064
-0.037
0.007
0.12
0.107
0.046
0.105
0.171
0.211
0.083
0.092
0.297
0.314
0.265
0.33
0.206
0.291
0.245
0.133
0.055
0.076
0.143
0.221
0.188
0.027
-0.024
0.03
-0.003
0.024
0.062
0.208
0.143
0.146
0.16
0.082
0.017
-0.077
-0.014
-0.069
-0.002
0.06
0.04
0.184
0.151
0.16
0.128
0.098
-0.091
-0.053
-0.042
-0.08
-0.208
-0.078
-0.063
-0.066
-0.081
0.015
0.033
-0.152
0.034
-0.002
-0.15
-0.24
-0.226
-0.278
-0.172
-0.127
-0.205
-0.183
-0.084
-0.103
-0.105
-0.133
-0.194
-0.217
-0.228
-0.254
-0.283
-0.13
-0.083
0.003
-0.016
0.037
-0.005
-0.052
-0.062
-0.05
-0.007
0.007
-0.004
0.073
0.074
0.081
-0.041
-0.022
-0.194
-0.268
-0.237
-0.172
-0.104
-0.107
-0.242
-0.16
-0.254
-0.205
-0.216
-0.163
-0.131
-0.27
-0.237
-0.221
-0.157
-0.121
-0.115
-0.134
-0.07
0.097
0.199
0.141
0.003
0.021
0.086
-0.109
-0.115
-0.193
-0.132
-0.039
-0.018
-0.056
0.011
0.012
-0.054
-0.19
-0.208
-0.148
-0.145
-0.204
-0.248
-0.217
-0.253
-0.3
-0.318
-0.421
-0.334
-0.371
-0.357
-0.443
-0.374
-0.243
-0.251
-0.316
-0.325
-0.388
-0.447
-0.334
-0.477
-0.496
-0.383
-0.391
-0.31
-0.294
-0.285
-0.358
-0.381
-0.401
-0.351
-0.272
-0.176
-0.183
-0.111
-0.14
-0.139
-0.223
-0.217
-0.245
-0.283
-0.291
-0.409
-0.531
-0.507
-0.455
-0.522
-0.475
-0.513
-0.515
-0.433
-0.368
-0.28
-0.346
-0.317
-0.353
-0.396
-0.303
-0.279
-0.192
-0.343
-0.361
-0.348
-0.329
-0.392
-0.449
-0.501
-0.434
-0.495
-0.491
-0.314
-0.193
-0.2
-0.301
-0.423
-0.439
-0.397
-0.34
-0.19
-0.224
-0.177
-0.114
-0.113
-0.152
-0.239
-0.231
-0.15
-0.212
-0.113
-0.154
-0.165
-0.202
-0.211
-0.34
-0.283
-0.234
-0.197
-0.214
-0.126
-0.19
-0.199
-0.158
-0.235
-0.244
-0.124
-0.049
-0.101
-0.122
-0.116
-0.094
-0.092
-0.066
-0.008
-0.085
-0.145
-0.007
0.123
0.102
0.044
0.017
-0.014
-0.068
-0.203
-0.255
-0.183
-0.182
0
-0.097
-0.085
-0.063
-0.096
-0.117
-0.038
-0.188
-0.138
-0.008
-0.082
-0.08
-0.082
-0.184
-0.193
-0.186
-0.23
-0.31
-0.309
-0.373
-0.419
-0.382
-0.3
-0.105
0.08
0.058
-0.05
-0.056
-0.017
-0.16
-0.217
-0.197
-0.16
-0.004
-0.108
-0.09
-0.126
-0.159
-0.168
-0.326
-0.268
-0.227
-0.21
-0.345
-0.426
-0.32
-0.356
-0.331
-0.358
-0.403
-0.339
-0.13
-0.155
-0.283
-0.249
-0.247
-0.297
-0.339
-0.345
-0.277
-0.295
-0.327
-0.231
-0.263
-0.251
-0.275
-0.222
-0.321
-0.4
-0.374
-0.28
-0.22
-0.035
0.027
0.065
0.2
0.277
0.277
0.191
0.044
-0.073
0.04
-0.045
-0.119
-0.014
0.047
0.133
0.161
0.104
-0.014
-0.101
-0.176
-0.153
-0.17
-0.227
-0.162
-0.259
-0.296
-0.153
0.085
0.171
0.107
-0.101
-0.13
-0.156
-0.159
-0.305
-0.168
-0.185
-0.124
-0.065
-0.063
-0.029
0.046
0.14
0.106
-0.06
-0.043
-0.202
-0.124
-0.076
-0.14
-0.161
-0.137
-0.115
-0.116
-0.045
-0.27
-0.269
-0.222
-0.198
-0.102
-0.101
-0.192
-0.23
-0.159
-0.228
-0.389
-0.378
-0.308
-0.343
-0.293
-0.249
-0.195
-0.253
-0.182
-0.173
-0.19
-0.286
-0.238
-0.174
-0.252
-0.328
-0.302
-0.306
-0.318
-0.288
-0.21
-0.216
-0.231
-0.241
-0.245
-0.162
-0.069
-0.029
-0.101
-0.072
-0.05
0.006
0.066
0.261
0.354
0.304
0.173
0.043
0.091
0.116
0.031
-0.02
-0.043
-0.068
-0.001
-0.076
-0.134
-0.115
-0.019
-0.012
-0.155
-0.184
-0.166
-0.102
-0.046
-0.006
-0.003
0.029
-0.002
0.05
0.004
0.098
0.139
0.04
0.12
0.119
0.281
0.311
0.28
0.373
0.478
0.477
0.501
0.401
0.371
0.306
0.268
0.04
0.046
0.058
0.041
0.151
0.169
0.187
0.296
0.174
0.006
-0.06
0.003
-0.095
-0.049
0.092
0.031
0.094
-0.029
0.061
0.092
0.09
-0.051
-0.064
-0.138
-0.139
-0.038
0.003
-0.023
-0.02
0.187
0.124
0.166
0.275
0.24
0.145
0.202
0.17
0.154
0.133
0.016
-0.06
-0.128
-0.077
0.095
0.068
0.1
0.008
-0.007
0.039
-0.024
0.101
0.068
0.14
0.194
0.265
0.404
0.44
0.415
0.212
0.213
0.199
0.198
0.146
0.097
-0.006
0.166
0.216
0.305
0.229
0.231
0.209
0.176
0.099
0.114
0.273
0.28
0.282
0.315
0.435
0.428
0.407
0.226
0.128
0.204
0.112
0.063
0.048
0.186
0.297
0.321
0.363
0.389
0.352
0.322
0.277
0.16
0.159
0.205
0.115
0.147
0.1
0.077
0.117
0.043
0.086
0.146
0.164
0.099
0.018
0.117
0.147
0.031
0.16
0.244
0.194
0.163
0.187
0.091
-0.011
0.007
-0.071
-0.176
-0.172
-0.143
-0.073
0.109
0.216
0.141
0.045
0.152
0.057
0.07
0.028
0.165
0.275
0.414
0.447
0.435
0.438
0.513
0.437
0.312
0.223
0.196
0.132
0.096
0.043
0.08
0.14
0.166
0.079
0.135
0.132
0.05
-0.083
-0.057
-0.077
-0.008
0.013
0.068
0.152
0.288
0.363
0.419
0.436
0.317
0.152
0.128
0.116
0.103
0.146
0.124
0.088
0.034
0.178
0.182
0.242
0.334
0.116
0.024
-0.075
-0.055
-0.094
-0.107
-0.014
0.049
0.209
0.322
0.297
0.279
0.052
0.046
-0.021
-0.017
-0.142
-0.084
0.032
0.016
0.119
0.165
0.287
0.311
0.173
0.216
0.218
0.143
0.175
0.164
0.331
0.396
0.419
0.443
0.445
0.367
0.377
0.322
0.212
0.214
0.154
0.269
0.301
0.295
0.289
0.297
0.337
0.42
0.338
0.351
0.159
0.049
0.118
0.05
-0.014
-0.024
0.004
0.099
0.149
0.13
-0.134
-0.073
-0.028
0.067
0.108
0.11
0.074
0.16
0.339
0.325
0.232
0.145
0.097
0.151
0.082
0.343
0.355
0.356
0.253
0.259
0.35
0.435
0.306
0.298
0.122
0.172
0.136
0.148
0.122
0.064
0.081
0.148
0.219
0.254